20000
20001
20002
20005
20012
20100
20101
20102
20105
20112
20200
20201
20202
20205
20212
20300
20301
20302
20305
20312
20400
20401
20402
20405
20412
20500
20501
20502
20505
20512
20600
20601
20602
20605
20612
20700
20701
20702
20705
20712
20800
20801
20802
20805
20812
21000
21001
21002
21003
21004
21009
21100
21101
21102
21103
21104
21109
21200
21201
21202
21203
21204
21209
21300
21301
21302
21303
21304
21309
21400
21401
21402
21403
21404
21409
21500
21501
21502
21503
21504
21509
21600
21601
21602
21603
21604
21609
21700
21701
21702
21703
21704
21709
21800
21801
21802
21803
21804
21809
30000
30001
30002
30003
30004
30005
30006
30007
30020
30021
30022
30023
30024
30025
30026
30027
30030
30031
30032
30033
30034
30035
30036
30037
30040
30041
30042
30043
30044
30045
30046
30047
30050
30051
30052
30053
30054
30055
30056
30057
30060
30061
30062
30063
30064
30065
30066
30067
30100
30101
30102
30103
30104
30105
30106
30107
30110
30111
30112
30113
30114
30115
30116
30117
30120
30121
30122
30123
30124
30125
30126
30127
30130
30131
30132
30133
30134
30135
30136
30137
30140
30141
30142
30143
30144
30145
30146
30147
30150
30151
30152
30153
30154
30155
30156
30157
30180
30181
30182
30183
30184
30185
30186
30187
30190
30191
30192
30193
30194
30195
30196
30197
30200
30201
30202
30203
30204
30205
30206
30207
30210
30211
30212
30213
30214
30215
30216
30217
30220
30221
30222
30223
30224
30225
30226
30227
30230
30231
30232
30233
30234
30235
30236
30237
30240
30241
30242
30243
30244
30245
30246
30247
30250
30251
30252
30253
30254
30255
30256
30257
30260
30261
30262
30263
30264
30265
30266
30267
30270
30271
30272
30273
30274
30275
30276
30277
30280
30281
30282
30283
30284
30285
30286
30287
30290
30291
30292
30293
30294
30295
30296
30297
30300
30301
30302
30303
30304
30305
30306
30307
30310
30311
30312
30313
30314
30315
30316
30317
30320
30321
30322
30323
30324
30325
30326
30327
30330
30331
30332
30333
30334
30335
30336
30337
30340
30341
30342
30343
30344
30345
30346
30347
30350
30351
30352
30353
30354
30355
30356
30357
30360
30361
30362
30363
30364
30365
30366
30367
30370
30371
30372
30373
30374
30375
30376
30377
30400
30401
30402
30403
30404
30405
30406
30407
30410
30411
30412
30413
30414
30415
30416
30417
30420
30421
30422
30423
30424
30425
30426
30427
30440
30441
30442
30443
30444
30445
30446
30447
30450
30451
30452
30453
30454
30455
30456
30457
30460
30461
30462
30463
30464
30465
30466
30467
30470
30471
30472
30473
30474
30475
30476
30477
30480
30481
30482
30483
30484
30485
30486
30487
30490
30491
30492
30493
30494
30495
30496
30497
30510
30511
30512
30513
30514
30515
30516
30517
30520
30521
30522
30523
30524
30525
30526
30527
30530
30531
30532
30533
30534
30535
30536
30537
30540
30541
30542
30543
30544
30545
30546
30547
30560
30561
30562
30563
30564
30565
30566
30567
30570
30571
30572
30573
30574
30575
30576
30577
30580
30581
30582
30583
30584
30585
30586
30587
30590
30591
30592
30593
30594
30595
30596
30597
30610
30611
30612
30613
30614
30615
30616
30617
30630
30631
30632
30633
30634
30635
30636
30637
30640
30641
30642
30643
30644
30645
30646
30647
30650
30651
30652
30653
30654
30655
30656
30657
30660
30661
30662
30663
30664
30665
30666
30667
30670
30671
30672
30673
30674
30675
30676
30677
30680
30681
30682
30683
30684
30685
30686
30687
30700
30701
30702
30703
30704
30705
30706
30707
30720
30721
30722
30723
30724
30725
30726
30727
30730
30731
30732
30733
30734
30735
30736
30737
30760
30761
30762
30763
30764
30765
30766
30767
30780
30781
30782
30783
30784
30785
30786
30787
30790
30791
30792
30793
30794
30795
30796
30797
30800
30801
30802
30803
30804
30805
30806
30807
30810
30811
30812
30813
30814
30815
30816
30817
30820
30821
30822
30823
30824
30825
30826
30827
30830
30831
30832
30833
30834
30835
30836
30837
30840
30841
30842
30843
30844
30845
30846
30847
30860
30861
30862
30863
30864
30865
30866
30867
30870
30871
30872
30873
30874
30875
30876
30877
30880
30881
30882
30883
30884
30885
30886
30887
30920
30921
30922
30923
30924
30925
30926
30927
31000
31001
31002
31003
31004
31005
31006
31007
31010
31011
31012
31013
31014
31015
31016
31017
31020
31021
31022
31023
31024
31025
31026
31027
31030
31031
31032
31033
31034
31035
31036
31037
31040
31041
31042
31043
31044
31045
31046
31047
31050
31051
31052
31053
31054
31055
31056
31057
31060
31061
31062
31063
31064
31065
31066
31067
31080
31081
31082
31083
31084
31085
31086
31087
31100
31101
31102
31103
31104
31105
31106
31107
31110
31111
31112
31113
31114
31115
31116
31117
31120
31121
31122
31123
31124
31125
31126
31127
31140
31141
31142
31143
31144
31145
31146
31147
31150
31151
31152
31153
31154
31155
31156
31157
31160
31161
31162
31163
31164
31165
31166
31167
31180
31181
31182
31183
31184
31185
31186
31187
31200
31201
31202
31203
31204
31205
31206
31207
31220
31221
31222
31223
31224
31225
31226
31227
31230
31231
31232
31233
31234
31235
31236
31237
31240
31241
31242
31243
31244
31245
31246
31247
31250
31251
31252
31253
31254
31255
31256
31257
31260
31261
31262
31263
31264
31265
31266
31267
31270
31271
31272
31273
31274
31275
31276
31277
31280
31281
31282
31283
31284
31285
31286
31287
31290
31291
31292
31293
31294
31295
31296
31297
31310
31311
31312
31313
31314
31315
31316
31317
31320
31321
31322
31323
31324
31325
31326
31327
31330
31331
31332
31333
31334
31335
31336
31337
31340
31341
31342
31343
31344
31345
31346
31347
31350
31351
31352
31353
31354
31355
31356
31357
31400
31401
31402
31403
31404
31405
31406
31407
31420
31421
31422
31423
31424
31425
31426
31427
31440
31441
31442
31443
31444
31445
31446
31447
31460
31461
31462
31463
31464
31465
31466
31467
31480
31481
31482
31483
31484
31485
31486
31487
31490
31491
31492
31493
31494
31495
31496
31497
31510
31511
31512
31513
31514
31515
31516
31517
31520
31521
31522
31523
31524
31525
31526
31527
31530
31531
31532
31533
31534
31535
31536
31537
31540
31541
31542
31543
31544
31545
31546
31547
31550
31551
31552
31553
31554
31555
31556
31557
31560
31561
31562
31563
31564
31565
31566
31567
31590
31591
31592
31593
31594
31595
31596
31597
31600
31601
31602
31603
31604
31605
31606
31607
31610
31611
31612
31613
31614
31615
31616
31617
31620
31621
31622
31623
31624
31625
31626
31627
31630
31631
31632
31633
31634
31635
31636
31637
31640
31641
31642
31643
31644
31645
31646
31647
31650
31651
31652
31653
31654
31655
31656
31657
31670
31671
31672
31673
31674
31675
31676
31677
31690
31691
31692
31693
31694
31695
31696
31697
31700
31701
31702
31703
31704
31705
31706
31707
31710
31711
31712
31713
31714
31715
31716
31717
31720
31721
31722
31723
31724
31725
31726
31727
31740
31741
31742
31743
31744
31745
31746
31747
31750
31751
31752
31753
31754
31755
31756
31757
31760
31761
31762
31763
31764
31765
31766
31767
31780
31781
31782
31783
31784
31785
31786
31787
31800
31801
31802
31803
31804
31805
31806
31807
31810
31811
31812
31813
31814
31815
31816
31817
31820
31821
31822
31823
31824
31825
31826
31827
31830
31831
31832
31833
31834
31835
31836
31837
31840
31841
31842
31843
31844
31845
31846
31847
31850
31851
31852
31853
31854
31855
31856
31857
31890
31891
31892
31893
31894
31895
31896
31897
31910
31911
31912
31913
31914
31915
31916
31917
31940
31941
31942
31943
31944
31945
31946
31947
31950
31951
31952
31953
31954
31955
31956
31957
33000
33001
33002
33003
33004
33005
33006
33007
34020
34021
34022
34023
34024
34025
34026
34027
34030
34031
34032
34033
34034
34035
34036
34037
34110
34111
34112
34113
34114
34115
34116
34117
1000003
1000018
1000023
1000025
1000026
1001002
1001003
1001004
1001008
1001009
1001010
1001020
1001021
1001031
1001032
1001036
1001037
1001038
1002001
1002006
1002008
1002012
1002014
1002015
1002019
1002020
1002026
1002031
1002053
1002054
1002060
1002066
1002069
1002070
1002071
1002076
1002077
1002080
1002081
1002082
1002083
1002089
1002090
1002186
1002187
1002191
1002192
1002220
1002225
1002226
1002227
1002228
1002229
1002232
1002233
1002234
1002235
1002236
1002237
1002240
1002293
1002294
1002295
1002296
1002297
1002311
1002312
1002313
1002314
1002315
1002316
1002317
1002318
1002333
1002334
1002335
1002336
1002337
1002352
1002353
1002354
1002355
1002356
1002357
1002367
1002368
1002369
1002370
1002387
1002396
1002397
1002412
1002413
1002414
1002415
1002416
1002417
1002418
1002419
1002424
1002425
1002426
1002427
1002428
1002429
1002431
1002432
1002433
1002434
1002435
1002482
1002483
1002484
1002485
1002493
1002495
1002496
1002500
1002501
1002502
1002503
1002504
1002515
1002516
1002517
1002518
1002534
1002536
1002542
1002543
1002544
1002545
1002548
1002549
1002552
1002554
1002555
1002556
1002557
1002558
1002559
1002560
1002562
1002565
1002566
1002567
1002568
1002569
1002575
1002576
1002695
1002696
1002697
1002698
1002699
1002700
1002721
1002722
1002723
1002724
1002725
1002726
1002727
1002735
1002736
1002737
1002738
1002752
1002753
1002754
1002755
1002756
1002774
1002822
1002823
1002824
1002831
1002834
1002835
1002836
1002837
1002839
1002840
1002844
1002845
1002847
1002849
1002960
1002961
1002962
1002968
1002969
1002970
1002971
1002973
1002974
1002976
1002978
1040002
1040006
1040010
1040013
1040036
1041002
1041004
1041005
1041006
1041010
1041011
1050018
1050100
1050127
1051017
1051098
1051140
1051143
1060002
1060004
1060006
1060007
1061002
1061008
1061039
1062000
1062001
1072001
1072005
1072012
1072054
1072055
1072056
1072238
1072239
1082002
1082065
1082066
1082067
1082145
1082146
1082147
1082148
1082149
1082150
1082223
1102019
1102021
1102022
1102023
1102024
1102040
1102041
1102042
1102043
1102053
1102054
1102152
1302000
1302013
1302016
1302017
1302021
1302022
1302024
1302025
1302026
1302027
1302028
1302029
1302031
1302033
1302034
1302035
1302036
1302049
1302063
1302065
1302066
1302067
1302071
1302073
1302074
1302075
1302076
1302080
1302094
1302095
1302098
1302105
1302112
1302113
1302133
1312004
1312013
1312033
1312034
1312036
1312039
1312042
1312043
1322005
1322021
1322022
1322027
1322051
1322055
1322056
1322057
1322058
1322063
1322065
1322068
1322069
1332005
1332007
1332020
1332029
1332030
1332032
1332037
1332053
1332057
1332059
1332060
1332061
1332081
1332084
1332085
1332086
1332087
1332099
1372046
1372049
1372050
1372051
1372058
1382040
1382042
1382043
1382044
1382062
1382066
1382067
1382068
1382080
1402013
1402014
1402029
1402040
1402041
1402042
1402053
1402056
1402057
1402058
1402059
1402062
1402072
1412028
1412029
1412030
1412031
1412035
1412038
1412039
1412046
1422032
1422033
1422034
1422039
1422042
1422043
1432008
1432009
1432013
1432014
1432015
1432016
1432017
1432018
1432039
1432041
1432042
1432043
1432044
1432050
1432054
1432055
1432061
1442011
1442012
1442013
1442014
1442015
1442016
1442017
1442018
1442021
1442022
1442023
1442026
1442027
1442028
1442029
1442030
1442052
1442053
1442058
1442071
1442074
1442075
1442078
1442079
1442103
1452046
1452048
1452049
1452050
1452062
1452066
1452067
1452068
1452069
1452070
1452071
1452083
1452084
1452085
1462041
1462043
1462044
1462045
1462056
1462059
1462060
1462061
1462062
1462063
1462075
1472056
1472058
1472059
1472060
1472077
1472083
1472084
1472086
1472100
1482025
1482029
1482031
1482032
1482046
1492026
1492030
1492035
1492036
1492037
1492048
1702212
1702216
